m = 1;
J1 = 1;
J2 = 1;
J3 = 1;
rho = 1;
l = 1;
g = 9.81;